

Positions
(0.208444629080888, 0.5790571499232476, 0.09393892344254955, 0.03674070844748824, -0.18036994635313588, 0.039095644990130275, 0.03910229156211384)
(0.19935608924973747, 0.5911608725583337, 0.0985049239675533, 0.04042447582327868, -0.1927567962323768, 0.042708938941894314, 0.04271558551387788)
(0.19100954031300474, 0.60196253320752, 0.10308621408616893, 0.04382359040749256, -0.20383955361746847, 0.04599379060097656, 0.046000437172960124)
(0.18332001048136887, 0.6116564134983107, 0.10768053693178437, 0.046968991559617555, -0.2138100088911536, 0.048992740412269004, 0.04899938698425257)
(0.17621447017769407, 0.6204008100867676, 0.1122860787873708, 0.04988748055066234, -0.22282480323009937, 0.05174136157331117, 0.05174800814529473)
(0.1696300807672782, 0.628325804675231, 0.11690134486294601, 0.05260227091916682, -0.23101293845441598, 0.05426958975960238, 0.054276236331585945)
(0.1635125228299858, 0.6355391751495857, 0.12152509270167736, 0.05513356511356896, -0.2384815263126637, 0.05660279212170954, 0.0566094386936931)
(0.1578146328813047, 0.6421309040115822, 0.12615628147226715, 0.0574990226222115, -0.2453201805031869, 0.05876260305922808, 0.05876924963121164)
(0.15249528672900753, 0.6481766516941367, 0.13079403292980402, 0.059714143346802244, -0.2516044057790154, 0.06076758372281372, 0.06077423029479728)
(0.14751848065451786, 0.6537404579250092, 0.13543760105055866, 0.06179258391992068, -0.257398238100741, 0.06263374693123626, 0.06264039350321982)
(0.14285257186883163, 0.6588768615728157, 0.14008634818692156, 0.06374642030417738, -0.26275631973487623, 0.06437497851071275, 0.0643816250826963)
(0.13846964773250614, 0.6636325782321876, 0.14473972617521766, 0.06558636710453458, -0.2677255440634982, 0.0660033779841915, 0.06601002455617505)
(0.1343449995267619, 0.66804783839174, 0.14939726124285124, 0.06732196172656829, -0.2723463697329247, 0.0675295359521264, 0.06753618252410995)
(0.13045668149592526, 0.6721574628599657, 0.1540585418565224, 0.0689617196846236, -0.2766538784088982, 0.06896276155805778, 0.06896940813004133)
(0.1267851397437981, 0.6759917331495706, 0.15872320886702534, 0.07051326620986803, -0.28067863220621014, 0.07031127012018365, 0.0703179166921672)
(0.12331289860732772, 0.6795771006125799, 0.1633909474619508, 0.07198344829196625, -0.2844473733969905, 0.07158233874304337, 0.07158898531502693)
(0.08618893658958904, 0.6817508782558008, 0.1630222442707233, 0.08694129642881217, -0.28890355426098435, 0.08647665332836196, 0.08648329990034552)
(0.04881720696782597, 0.6832395294172062, 0.16278477267893357, 0.101930517327648, -0.29311914732511707, 0.10146499050726407, 0.10147163707924763)
(0.011301163198031679, 0.6840299099438962, 0.1626790905979509, 0.1168872206842298, -0.2970794769856993, 0.11652112082500127, 0.11652776739698482)
(-0.026253123661236815, 0.6841154493757267, 0.16270543652625874, 0.13174663185033783, -0.30077192387802903, 0.13161804260482501, 0.13162468917680858)
(-0.06373889324654401, 0.6834961839863376, 0.16286371676687722, 0.146444524354939, -0.3041859858314137, 0.14672831175806547, 0.14673495833004904)
(-0.10105051656289636, 0.6821787461307397, 0.16315350687073737, 0.1609185601958409, -0.3073134234193324, 0.16182433964236492, 0.1618309862143485)
(-0.13808526964847626, 0.6801761794700789, 0.16357405717738346, 0.1751095659379826, -0.310148355161078, 0.17687869479648988, 0.17688534136847345)
(-0.1747449867416246, 0.6775075900797022, 0.16412430228724392, 0.18896268533828395, -0.3126872999367401, 0.19186440032776525, 0.19187104689974882)
(-0.21093752868169413, 0.6741976516915463, 0.16480287419127884, 0.20242835847869897, -0.3149291663417747, 0.20675521894879528, 0.20676186552077888)
(-0.24657801596819248, 0.6702759900035198, 0.16560811869028946, 0.21546309029122343, -0.3168751911184875, 0.2215259182875521, 0.2215325648595357)
(-0.2815897924741671, 0.6657764755862786, 0.1665381146596615, 0.22802998658998033, -0.3185288306244321, 0.236152510062654, 0.2361591566346376)
(-0.29485607692266375, 0.6662044310465572, 0.17052633932320324, 0.2329021456099864, -0.32132728473554256, 0.24144767355415006, 0.24145432012613366)
(-0.30749564870286394, 0.6665231975816712, 0.17453150980319213, 0.2375172817056984, -0.32395175724347125, 0.24649994711386436, 0.24650659368584796)
(-0.3195479776592725, 0.6667464698165221, 0.17855243351747427, 0.24189271217399466, -0.326416490581347, 0.25132469404692165, 0.2513313406189053)
(-0.33104969455804745, 0.6668862109249278, 0.1825880286387861, 0.24604447173717606, -0.328734334095166, 0.255936105090813, 0.2559427516627966)


Velocities
(0.0, 0.0, 0.0, 0.0, 0.0, 0.0, 0.0)
(-0.09846118394821982, 0.12850136574264864, 0.05271101325622957, 0.04004284652283832, -0.13174494776971413, 0.03886508405822914, 0.03886508405822914)
(-0.1607824816593001, 0.20502923310840604, 0.09267238053847687, 0.06564228500594287, -0.2106524169079701, 0.06295389543953238, 0.06295389543953238)
(-0.1974834670021389, 0.2457629881773266, 0.12338965167002441, 0.08095996915737343, -0.2530882528000135, 0.07668112788055596, 0.07668112788055596)
(-0.22196810659112903, 0.2700413915752318, 0.1499657652437298, 0.09135152519420692, -0.27870880730493297, 0.08553380148013304, 0.08553380148013304)
(-0.2230395697520977, 0.26581821373632525, 0.1622402912541749, 0.0921187231696456, -0.2749205667946295, 0.08536380741527026, 0.08536380741527026)
(-0.21977870673021466, 0.25664960711808293, 0.17250540051417546, 0.09109283062775309, -0.2660000137380144, 0.08355980733678897, 0.08355980733678897)
(-0.21681955111207385, 0.2487074910579165, 0.18240850468037534, 0.09014582471114427, -0.25826012106433677, 0.08196339245360681, 0.08196339245360681)
(-0.20138979224104975, 0.22709003807616832, 0.18150549228096752, 0.08398015580641574, -0.23625305447925152, 0.07571956546789389, 0.07571956546789375)
(-0.1856303012089543, 0.20600462579662127, 0.17882318871127284, 0.07762360101223775, -0.2146990490885672, 0.06944710118723108, 0.06944710118723094)
(-0.16812179596147703, 0.18382363250113956, 0.1726866455208017, 0.07048390679569222, -0.19190651841929807, 0.06260924969965258, 0.06260924969965258)
(-0.14747276083295086, 0.15902055652393243, 0.16117551417539996, 0.061976230608753374, -0.1662811845088807, 0.05468705083337283, 0.05468705083337283)
(-0.12327337324705409, 0.13121310432750677, 0.14303263143373285, 0.0519228219264556, -0.1374148706788763, 0.0455345562033513, 0.0455345562033513)
(-0.10094919529618344, 0.10611702890312426, 0.12430633979017722, 0.04261174444492123, -0.11129990833280361, 0.037149507140233726, 0.037149507140233726)
(-0.056360406656337604, 0.05873528212673067, 0.07237936049483996, 0.023825814499873074, -0.06166907407150072, 0.02068762781379669, 0.02068762781379669)
(-0.10823300488303855, 0.016550076034200688, 0.01312403190189513, 0.04382371381308149, -0.02311340942387803, 0.043055180112081794, 0.043055180112081794)
(-0.2659326140983946, 0.012422996020728648, -0.002039499338258987, 0.10684049854991112, -0.030704701444904087, 0.10666923643285911, 0.10666923643285911)
(-0.382867243519306, 0.011222289902704975, -0.0016734543388727979, 0.15304480530845233, -0.041634179466906646, 0.1536097916481996, 0.1536097916481996)
(-0.46481726604145657, 0.005092638417168797, -0.00042927782332133964, 0.1845613798515593, -0.04725664419564305, 0.18671230909349207, 0.18671230909349215)
(-0.531221500807245, -0.004073815768360084, 0.0013623441570569084, 0.2091848893302753, -0.05019429252268287, 0.21385906095329033, 0.21385906095329038)
(-0.5853735134504545, -0.015387627714747405, 0.003550181944113359, 0.2282518588740166, -0.051105450170771005, 0.23641658031475568, 0.23641658031475568)
(-0.5807967701604779, -0.0256957046062367, 0.005503246092773034, 0.2239931460472232, -0.04667138391880081, 0.23551163319174287, 0.23551163319174287)
(-0.5234478349844742, -0.03292709059506087, 0.006846345332972874, 0.19926716924634902, -0.038268447570610147, 0.2133421707917159, 0.2133421707917159)
(-0.45711570383788624, -0.03719699930897034, 0.007647034553246907, 0.17151190545942513, -0.03012119032737763, 0.1874170714318909, 0.18741707143189107)
(-0.38307292834153284, -0.038245835980548315, 0.007846922018716295, 0.14143066084943512, -0.022459334855144758, 0.15812811190280227, 0.15812811190280243)
(-0.2803668441519887, -0.03283598428485798, 0.006761017035992197, 0.1018078139213548, -0.014516325813547401, 0.11655156353483759, 0.11655156353483759)
(-0.16848967666834452, -0.011843333839332096, 0.021198361859794936, 0.06098456661265169, -0.017947362703910008, 0.0692525899518114, 0.0692525899518114)
(-0.16286896179664723, 0.004537023080128692, 0.05061783562260984, 0.059598632095667584, -0.03401969824741982, 0.06506673172864492, 0.06506673172864492)
(-0.19320704080138318, 0.004261048620036467, 0.06275247737316544, 0.07035479369475259, -0.03983083015688849, 0.07728308850084772, 0.07728308850084795)
(-0.12925606514727073, 0.0021528597961656135, 0.0437763438974605, 0.04684626161163447, -0.026320223106794292, 0.0517666846758976, 0.05176668467589781)
(0.0, 0.0, 0.0, 0.0, 0.0, 0.0, 0.0)


Accelerations
(-0.7233315847514192, 0.0, 0.0, 0.0, 0.0, 0.0, 0.0)
(-0.7535600892342891, 0.9554640241013462, 0.43803672479530587, 0.30789832625017377, -0.9821693276960469, 0.29446462005929325, 0.29446462005929325)
(-0.8306807231664535, 0.9555935376896936, 0.629251783477428, 0.3447195212460962, -0.9917348083097751, 0.3142469475033311, 0.3142469475033311)
(-0.8203696933196738, 0.8651192988546031, 0.7756814535843881, 0.34506121468403284, -0.9063818339562361, 0.3020534247132355, 0.3020534247132355)
(-0.5803174408683628, 0.5122931086818349, 0.7701479467634245, 0.2500976926016649, -0.5486342183975733, 0.20317082283314364, 0.20317082283314364)
(0.5552418626580192, -0.8532367007683785, 0.02542766589571719, -0.21783699329140707, 0.8621700403269917, -0.23268141284653543, -0.23268141284653543)
(-0.34511284103527634, 0.22135692514181166, 0.7359477766249659, 0.15423150835897653, -0.24924242364870086, 0.11211188715558208, 0.11211188715558208)
(0.5985008260412866, -0.859661640033267, -3.277302207145558e-15, -0.2379166258173504, 0.8732807584412015, -0.24442161355318046, -0.24442161355318046)
(0.6122168121952463, -0.8367154281590238, -0.07063527586278545, -0.24587338896452188, 0.853658469680995, -0.2455230851997904, -0.2455230851998013)
(0.6105789776045496, -0.7996062351723121, -0.13694983311730485, -0.24732147982045183, 0.8190016405990093, -0.24119382948023882, -0.24119382948022813)
(0.7105989877884074, -0.875089298691751, -0.323345786585052, -0.29137456408950224, 0.9017707774669689, -0.27488313490653776, -0.27488313490653776)
(0.7652099171120847, -0.8990949234832377, -0.4943600265142047, -0.31658184740572504, 0.9310700102132536, -0.2914801266074378, -0.2914801266074378)
(0.8010944035137632, -0.9030536287534426, -0.670668974004407, -0.33397069118397965, 0.9394372385310998, -0.3011563628234681, -0.3011563628234681)
(0.48849987769248066, -0.5469873692432486, -0.410916340304872, -0.2038796581125305, 0.5694383000920409, -0.18325435232968917, -0.18325435232968917)
(0.6885352865444139, -0.7214473393400758, -0.8597230983152665, -0.29079832605019956, 0.7569795215223146, -0.25313893261577275, -0.25313893261577275)
(-0.9819220834112534, -0.05741967377318677, -0.16952476588773127, 0.3932145090884057, -0.003972277980156943, 0.3980976453368134, 0.3980976453368134)
(-0.9360331886245968, 0.012967424540850146, -0.0013009157323520314, 0.3730489395158896, -0.09618990889409182, 0.37521915090250524, 0.37521915090250524)
(-0.9370923864923193, -0.04386365845649804, 0.009349883915111382, 0.36542781564720156, -0.0743897978425225, 0.3769744398091691, 0.3769744398091691)
(-0.8729608107272008, -0.09734198373054909, 0.01921250704494087, 0.3295700108621246, -0.04755525163151505, 0.3545140961367888, 0.35451409613679086)
(-0.8734497809430225, -0.1471145486286489, 0.028540304151475494, 0.31716422563737895, -0.028399239863354773, 0.35978176462120215, 0.3597817646211998)
(-0.7250417555461042, -0.1906556720299279, 0.03676703865350417, 0.2446317108146951, 0.0029760951962654763, 0.30652121722212966, 0.30652121722212966)
(0.8661263520620127, -0.13120146736724275, 0.024216455033819705, -0.3768784463417677, 0.13529470026683477, -0.3340510221143092, -0.3340510221143092)
(0.8377711813228466, -0.08566240649477341, 0.01604819668851143, -0.3580719833044971, 0.11513281691790503, -0.3245568255305333, -0.3245568255305333)
(0.917104349161858, -0.031088521993295, 0.005843020189552822, -0.37711608874860875, 0.10186989919241046, -0.36097158137806246, -0.3609715813780583)
(0.7883574735528585, 0.004171000800359472, -0.0007255513584732673, -0.31644923344592335, 0.07567171288632189, -0.3133794092031954, -0.31337940920319896)
(0.9839576090312099, 0.07839735395716868, -0.015815927146354814, -0.3708440346258219, 0.06563920477599376, -0.4024111704063295, -0.4024111704063295)
(0.6841678759532829, 0.23240444825571105, 0.22811693135078914, -0.23808912888855285, -0.1148078363460566, -0.3025501428683922, -0.3025501428683922)
(-0.9565289096224617, 0.014062065542197863, 0.3263228510985914, 0.34622399605118226, -0.19388839971398886, 0.38316339192195653, 0.38316339192195653)
(0.3279544257469532, -0.027380874415871077, -0.056116086862463145, -0.1257356120001911, 0.07705018268417207, -0.12938295285620863, -0.12938295285620213)
(0.9821840507695907, -0.022635048162145892, -0.3156680618033403, -0.3580079673805414, 0.2029352476577703, -0.392755687525954, -0.39275568752595785)
(0.9991106601454511, -0.012138781739933284, -0.3505568900033588, -0.36064765586233216, 0.20134230250896187, -0.40057584209493413, -0.40057584209493413)
